===================================================================================================================
  PER-GALAXY a0 RESULTS — ALL 190 GALAXIES
  McGaugh RAR interpolation function
  a0(fix) = fixed Y*=0.5 | a0(mrg) = marginalized Y*=[0.2-0.8]
===================================================================================================================
  #   Galaxy            n   Vmax  inc     D     T  Q  gRange  a0(fix) a0(mrg)  log(a0)   RMS    Sample
-------------------------------------------------------------------------------------------------------------------
   1  CamB               3    31   65   3.36   10  2   0.16      32      32      1.5 0.3048  
   2  D512-2             2    52   56   15.2   10  2   0.28    1484    1441   3.1715  0.027  
   3  D564-8             4    34   63   8.79   10  2    0.4     668     648   2.8247 0.1435  
   4  D631-7             8  57.7   59   7.72   10  1    0.9    1253    1216   3.0978 0.2869  CLEAN
   5  DDO064             5  46.1   60    6.8   10  1   1.63    4444    4314   3.6477 0.1941  CLEAN
   6  DDO154             5    47   64   4.04   10  2   0.56    2209    2145   3.3442 0.0816  CLEAN
   7  DDO161            12  66.3   70    7.5   10  1   0.62     617     599   2.7903 0.0891  CLEAN
   8  DDO168             4  53.4   63   4.25   10  2   0.44    1215    1180   3.0847 0.1834  
   9  DDO170             6    60   66   15.4   10  2   0.34    1335    1296   3.1255  0.049  CLEAN
  10  ESO079-G014        7   175   79   28.7    4  1   0.32    3297    3201   3.5182  0.117  CLEAN
  11  ESO116-G012        7 109.1   74     13    7  1   0.63    4558    4425   3.6587 0.0646  CLEAN
  12  ESO444-G084        4    88   32   4.83   10  2   0.66    8887    8628   3.9488 0.0539  
  13  ESO563-G021       14 314.6   83   60.8    4  1   0.92    6727    6531   3.8278 0.1516  CLEAN
  14  F561-1             2    50   24   66.4    9  3   0.02     203     197   2.3069 0.0464  
  15  F563-1             9 109.9   25   48.9    9  1   0.36    7097    6889   3.8511 0.1752  CLEAN
  16  F563-V1            4    32   60     54   10  3   0.14      63      61   1.8003 0.0901  
  17  F563-V2            7 116.6   29   59.7   10  1   0.66   11428   11094    4.058 0.1639  CLEAN
  18  F565-V2            3    66   60   51.8   10  2   0.01    4825    4684   3.6835 0.0543  
  19  F567-2             2    53   20     79    9  3   0.08    1507    1463   3.1782 0.1139  
  20  F568-1             7   118   26   90.7    5  1   0.15   14411   13990   4.1587 0.1228  CLEAN
  21  F568-3            10    85   40   82.4    7  1   0.22    3205    3112   3.5059  0.105  CLEAN
  22  F568-V1            5 112.3   40   80.6    7  1    0.3   16165   15693   4.2086 0.0919  CLEAN
  23  F571-8             6 139.7   85   53.3    5  1   1.38    2130    2068   3.3283 0.4845  GOLD+i45
  24  F571-V1            2  83.6   30   80.1    7  2   0.12    2971    2884   3.4729 0.0351  
  25  F574-1             6  97.8   65   96.8    7  1   0.35    4254    4130   3.6288 0.0924  CLEAN
  26  F579-V1            9 112.1   26   89.5    5  1   0.32   11783   11439   4.0713 0.1635  CLEAN
  27  F583-1            14  85.8   63   35.4    9  1   0.39    3056    2967   3.4852 0.2633  CLEAN
  28  F583-4             6    76   55   53.3    5  1   0.29    2490    2418   3.3962 0.0334  CLEAN
  29  IC2574            20  66.4   75   3.91    9  2   0.27     909     882   2.9585   0.11  CLEAN
  30  IC4202            14 242.6   90  100.4    4  1   1.13    3371    3272   3.5277 0.1748  GOLD+i45
  31  KK98-251           9  33.7   59    6.8   10  2   0.77     397     386   2.5993 0.1155  CLEAN
  32  LT_CVnIdwA         5    34    0      0    -  0   0.51     270     262   2.4319 0.2884  CLEAN
  33  LT_DDO_101         5   126    0      0    -  0   0.47   87289   84740    4.941 0.1439  CLEAN
  34  LT_DDO_126        16    52    0      0    -  0   0.77    1136    1102   3.0552 0.1119  CLEAN
  35  LT_DDO_133        13    67    0      0    -  0   0.81    4447    4317    3.648 0.1038  CLEAN
  36  LT_DDO_154        33    59    0      0    -  0   0.33    4005    3888   3.6026 0.0849  CLEAN
  37  LT_DDO_168        16    92    0      0    -  0   0.82    3363    3265   3.5267 0.2869  CLEAN
  38  LT_DDO_210         4    45    0      0    -  0   0.69    1247    1211   3.0959 0.0629  
  39  LT_DDO_216         3    43    0      0    -  0   0.42    1254    1218   3.0983 0.1575  
  40  LT_DDO_43          5    51    0      0    -  0   0.57    2071    2011   3.3162 0.0807  CLEAN
  41  LT_DDO_50         39    54    0      0    -  0   1.96     388     377    2.589 0.3718  CLEAN
  42  LT_DDO_52         11    68    0      0    -  0   0.27    6900    6698   3.8388 0.0799  CLEAN
  43  LT_DDO_53          7    64    0      0    -  0   0.44     585     567   2.7668 0.1364  CLEAN
  44  LT_DDO_70          7    72    0      0    -  0   0.73    2434    2363   3.3864  0.098  CLEAN
  45  LT_DDO_87         15    50    0      0    -  0   0.76    3771    3661   3.5765 0.0538  CLEAN
  46  LT_HARO_36         4    63    0      0    -  0   0.28    1461    1418   3.1646 0.0713  
  47  LT_IC_10          11   108    0      0    -  0   0.38     952     924   2.9787 0.0766  CLEAN
  48  LT_IC_1613        53    32    0      0    -  0   0.69      63      61   1.8006 0.1359  CLEAN
  49  LT_NGC_1569       10    67    0      0    -  0   0.29     200     194      2.3 0.0463  CLEAN
  50  LT_NGC_2366       29    67    0      0    -  0   0.44    2014    1955   3.3041 0.0852  CLEAN
  51  LT_NGC_3738        5   275    0      0    -  0   0.21  176418  171266   5.2465 0.0452  CLEAN
  52  LT_UGC_8508       11    71    0      0    -  0   1.26    8769    8513    3.943 0.1538  CLEAN
  53  LT_WLM            62    58    0      0    -  0   1.07    2195    2131   3.3415 0.2345  CLEAN
  54  NGC0024           15 106.3   64    7.3    5  1   1.09   10238    9939   4.0102 0.1163  GOLD+i45
  55  NGC0055           11  85.6   77   2.11    9  2   0.44    1404    1363   3.1475 0.0498  CLEAN
  56  NGC0100           11  88.1   89   13.5    6  1    0.6    2357    2288   3.3724  0.197  CLEAN
  57  NGC0247           15 104.9   74    3.7    7  2   0.26    3315    3218   3.5205 0.0536  CLEAN
  58  NGC0289           14   163   46   20.8    4  2   1.81    1864    1809   3.2704 0.0484  GOLD+i45
  59  NGC0300           10  93.3   42   2.08    7  2   0.72    4984    4839   3.6976 0.0356  CLEAN
  60  NGC0801            8 220.1   80   80.7    5  1   1.71    1573    1527   3.1966 0.0649  GOLD+i45
  61  NGC0891            6 216.1   90   9.91    3  1   1.07    2038    1979   3.3092 0.0913  GOLD+i45
  62  NGC1003           19 109.8   67   11.4    6  1   1.45    2826    2744   3.4512 0.0643  GOLD+i45
  63  NGC1090           16 164.4   64     37    4  1   1.21    1745    1694   3.2417 0.1559  GOLD+i45
  64  NGC1705            4  71.9   80   5.73   11  3    0.7   12402   12040   4.0935 0.0049  
  65  NGC2366           12  50.2   68   3.27   10  3   0.34    1050    1019   3.0211 0.1153  CLEAN
  66  NGC2403           35 131.2   63   3.16    6  1   1.44    4689    4552   3.6711 0.0349  GOLD+i45
  67  NGC2683            5   154   80   9.81    3  2   1.51    2722    2643    3.435  0.051  GOLD+i45
  68  NGC2841           22 284.8   76   14.1    3  1   1.78   11144   10819    4.047 0.0575  GOLD+i45
  69  NGC2903           21 184.6   66    6.6    4  1   1.76    3748    3639   3.5738 0.0334  GOLD+i45
  70  NGC2915            8  83.5   56   4.06   11  2   1.54    8558    8308   3.9324 0.2002  GOLD+i45
  71  NGC2955           12   365   56   97.9    3  1   1.29    2815    2733   3.4495 0.0291  GOLD+i45
  72  NGC2976           15  85.4   61   3.58    5  2   0.55    1516    1471   3.1806 0.1506  CLEAN
  73  NGC2998            6 209.9   58   68.1    5  1   1.18    3477    3375   3.5412 0.1154  GOLD+i45
  74  NGC3109           13  66.2   70   1.33    9  1   0.33    3708    3600   3.5692 0.1144  CLEAN
  75  NGC3198           25 150.1   73   13.8    5  1   1.65    2691    2612   3.4299 0.0855  GOLD+i45
  76  NGC3521           19 213.7   75    7.7    4  1   1.59    4312    4186   3.6347 0.0281  GOLD+i45
  77  NGC3726            4   168   53     18    5  2    0.5    1102    1070   3.0422 0.0532  
  78  NGC3741           12  50.1   70   3.21   10  1   0.95    3129    3037   3.4953 0.1025  CLEAN
  79  NGC3769            6 118.6   70     18    3  2   1.33    2135    2073   3.3295  0.064  GOLD+i45
  80  NGC3877            7 168.4   76     18    5  2   0.55    1063    1032   3.0264 0.2509  CLEAN
  81  NGC3893            5   174   49     18    5  1    1.4    3826    3714   3.5828 0.0448  GOLD+i45
  82  NGC3917            7 135.9   79     18    6  1   0.44    4255    4131   3.6289   0.02  CLEAN
  83  NGC3949            4   163   55     18    4  2   0.57    2603    2527   3.4155 0.0479  
  84  NGC3953            3 220.8   62     18    4  1   0.38    4310    4184   3.6345 0.0444  
  85  NGC3972            6 132.7   77     18    4  1   0.26    5009    4862   3.6997 0.0265  CLEAN
  86  NGC3992            5   241   56   23.7    4  1   0.62    5699    5533   3.7558 0.0619  CLEAN
  87  NGC4010            6 125.8   89     18    7  2   0.36    2596    2520   3.4143 0.0671  CLEAN
  88  NGC4013           18 172.9   89     18    3  2   1.27    2933    2848   3.4674 0.0421  GOLD+i45
  89  NGC4051            4   157   49     18    4  2   0.21    1351    1311   3.1306 0.0385  
  90  NGC4085            5 131.5   82     18    5  2   0.26     346     336   2.5389 0.2092  CLEAN
  91  NGC4088            7 171.7   69     18    4  1   0.74     647     628   2.8111 0.0633  CLEAN
  92  NGC4100           16 158.2   73     18    4  1   0.97    4132    4011   3.6161 0.0585  CLEAN
  93  NGC4138            2 147.3   53     18    0  2   0.15    2578    2503   3.4113 0.0136  
  94  NGC4157            7 184.7   82     18    3  1   1.14    2000    1942   3.3011 0.0368  GOLD+i45
  95  NGC4183            8 110.6   82     18    6  1   0.84    3074    2984   3.4877  0.065  CLEAN
  96  NGC4214            6  80.1   15   2.87   10  2   1.22    9043    8778   3.9563 0.0444  CLEAN
  97  NGC4217           10 181.3   86     18    3  1   1.31     968     940   2.9858 0.3268  GOLD+i45
  98  NGC4389            2   102   50     18    4  3   0.08      32      32      1.5  0.207  
  99  NGC4559           20 121.2   67      9    6  1   1.03    1670    1621   3.2227 0.0355  GOLD+i45
 100  NGC5005           11 262.2   68   16.9    4  1   1.42    3490    3388   3.5428 0.0482  GOLD+i45
 101  NGC5033           10 194.2   66   15.7    5  1   2.64    3883    3769   3.5891 0.0571  GOLD+i45
 102  NGC5055           16   179   55    9.9    4  1    2.3    1573    1527   3.1966 0.0451  GOLD+i45
 103  NGC5371           13 209.5   53   39.7    4  1    1.7    1270    1233   3.1037 0.0972  GOLD+i45
 104  NGC5585           13  90.3   51   7.06    7  1   0.88    1804    1751   3.2562 0.1251  CLEAN
 105  NGC5907           10   215   88   17.3    5  1   1.03    2918    2833   3.4651 0.0465  GOLD+i45
 106  NGC5985           20 293.6   60   39.7    3  1   0.89   16378   15900   4.2143 0.1076  CLEAN
 107  NGC6015           24 154.1   60     17    6  2   1.33    4805    4665   3.6817 0.0832  GOLD+i45
 108  NGC6195           15 251.7   62  127.8    3  1   1.24    1393    1353   3.1441 0.0216  GOLD+i45
 109  NGC6503           17 116.3   74   6.26    6  1   1.81    3754    3644   3.5744 0.0428  GOLD+i45
 110  NGC6674            7 241.3   54   51.2    3  1   1.97    5404    5246   3.7327 0.0831  GOLD+i45
 111  NGC6789            3   160   43   3.52   11  2   0.13   22405   21751   4.3503 0.1249  
 112  NGC6946           24 158.9   38   5.52    6  1   1.93    2117    2055   3.3257 0.0319  GOLD
 113  NGC7331           15   239   75   14.7    3  1    1.6    2291    2224     3.36 0.0549  GOLD+i45
 114  NGC7793           25   172   47   3.61    7  1   0.73    2652    2575   3.4236  0.189  CLEAN
 115  NGC7814            6 218.9   90   14.4    2  1   1.45    5945    5772   3.7742 0.0328  GOLD+i45
 116  PGC51017           3  18.6   66   13.6   11  3   0.48     130     127   2.1153 0.3744  
 117  UGC00128          11 129.3   57   64.5    8  1   0.94    3372    3273   3.5278 0.1033  CLEAN
 118  UGC00191           3    98   45   17.1    9  1   0.29    3781    3671   3.5777 0.0692  
 119  UGC00731           7  73.3   57   12.5   10  1   0.62    9195    8926   3.9635 0.1765  CLEAN
 120  UGC01230           4 103.7   22   53.7    9  1   0.74    3248    3153   3.5116 0.2013  
 121  UGC01281          12  55.2   90   5.27    8  1   1.08    1171    1137   3.0685  0.484  GOLD+i45
 122  UGC02023           2    68   19   10.4   10  2   0.14     630     612   2.7994 0.1995  
 123  UGC02259           5  86.2   41   10.5    8  2   0.26   10049    9755   4.0021 0.1241  CLEAN
 124  UGC02455           5    63   51   6.92   10  3   0.37      32      32      1.5 0.4745  CLEAN
 125  UGC02487           9   332   36   69.1    0  1   1.21    9843    9556   3.9931  0.046  GOLD
 126  UGC02885           6 289.5   64   80.6    5  1    1.6    3964    3848   3.5981 0.0213  GOLD+i45
 127  UGC02916          26 182.7   50   65.4    2  2   1.77    1948    1891   3.2896 0.0678  GOLD+i45
 128  UGC02953          56 264.9   50   16.5    2  2   2.81    6437    6249   3.8087 0.0455  GOLD+i45
 129  UGC03205          27 219.6   67     50    2  1   2.01    5103    4954   3.7078  0.068  GOLD+i45
 130  UGC03546          12 196.9   55   28.7    1  1    2.6    2750    2670   3.4393 0.0902  GOLD+i45
 131  UGC03580          24 126.2   63   20.7    1  2   2.25    1291    1253   3.1109 0.2076  GOLD+i45
 132  UGC04278          15  91.4   90   9.51    7  1   0.75    3809    3698   3.5809 0.1492  CLEAN
 133  UGC04305          10  34.5   40   3.45   10  3   0.69      32      32      1.5 0.1687  CLEAN
 134  UGC04325           5  90.9   41    9.6    9  1   0.21    7734    7508   3.8884 0.0764  CLEAN
 135  UGC04483           5    61   58   3.34   10  2   0.19    1084    1053   3.0352 0.0662  CLEAN
 136  UGC04499           4  72.8   50   12.5    8  1   0.23    2162    2099   3.3349  0.042  
 137  UGC05005           6  98.9   41   53.7   10  1   0.53    1305    1267   3.1156 0.0733  CLEAN
 138  UGC05253          36 213.7   37   22.9    2  2   2.84    3949    3833   3.5964 0.0976  GOLD
 139  UGC05716           4  73.1   54   21.3    9  2   0.34    3420    3320    3.534 0.0651  
 140  UGC05721          13  79.7   61   6.18    7  1   1.23   10191    9894   4.0082 0.0934  GOLD+i45
 141  UGC05750           5    54   64   58.7    8  1   0.67     353     342   2.5472 0.3522  CLEAN
 142  UGC05764           4    89   60   7.47   10  2   0.18    9524    9246   3.9788 0.0959  
 143  UGC05829           7    58   34   8.64   10  2   0.58    2280    2214    3.358 0.0968  CLEAN
 144  UGC05918           5    58   46   7.66   10  2    0.2    3890    3777     3.59 0.0803  CLEAN
 145  UGC05986           8   113   90   8.63    9  2   0.54    7537    7317   3.8772  0.049  CLEAN
 146  UGC05999           4    63   22   47.7   10  2   0.29    1880    1825   3.2742 0.0916  
 147  UGC06399           4    85   75     18    9  1   0.18    4226    4102   3.6259 0.0292  
 148  UGC06446           9  82.2   51     12    7  1   0.35    5285    5130    3.723 0.1097  CLEAN
 149  UGC06614           5 199.8   36   88.7    1  1      2    2283    2216   3.3585 0.0777  GOLD
 150  UGC06628           4  41.8   20   15.1    9  2   0.05      72      70   1.8599 0.1117  
 151  UGC06667           5  83.8   89     18    6  1   0.59   14259   13843   4.1541 0.1329  CLEAN
 152  UGC06786          24 219.4   64   29.3    0  1    2.5    9225    8955   3.9649 0.0287  GOLD+i45
 153  UGC06787          37 248.1   66   21.3    2  2   3.01    7353    7139   3.8665 0.0733  GOLD+i45
 154  UGC06818           3  71.2   75     18    9  2   0.47    1343    1304    3.128 0.2401  
 155  UGC06917           5 108.7   56     18    9  1   0.48    4008    3891    3.603 0.0477  CLEAN
 156  UGC06923           2  79.6   65     18   10  2   0.09    3037    2948   3.4824 0.0009  
 157  UGC06930           7 107.2   32     18    7  1   0.47    3198    3105   3.5049 0.0698  CLEAN
 158  UGC06973           5 174.2   71     18    2  3   0.57    1370    1330   3.1368 0.0839  CLEAN
 159  UGC06983           9   109   49     18    6  1    0.7    4227    4104   3.6261 0.0751  CLEAN
 160  UGC07089           7    64   80     18    8  2   0.27    1286    1248   3.1092 0.0634  CLEAN
 161  UGC07125           7  65.2   90   19.8    9  1   0.47     497     482    2.696 0.0737  CLEAN
 162  UGC07151           6  73.5   90   6.87    6  1   0.32    3195    3102   3.5045 0.0668  CLEAN
 163  UGC07323           6    84   47      8    8  1    0.1    1606    1559   3.2057 0.0459  CLEAN
 164  UGC07399           8   103   55   8.43    8  1   0.66   17895   17372   4.2527 0.0397  CLEAN
 165  UGC07524          18  79.5   46   4.74    9  1   0.17    2859    2776   3.4563 0.0623  CLEAN
 166  UGC07559           2    42   61   4.97   10  2   0.14     209     202   2.3192 0.0348  
 167  UGC07577           2    27   63   2.59   10  2   0.21      46      45   1.6614 0.0215  
 168  UGC07603           3  61.6   78    4.7    7  1   0.15    5590    5427   3.7474  0.044  
 169  UGC07608           3    75   25   8.21   10  1   0.06    7609    7387   3.8813 0.0465  
 170  UGC07690           2  57.4   41   8.11   10  2   0.48    2472    2400   3.3931 0.0771  
 171  UGC07866           4    53   44   4.57   10  2   0.08    1096    1064   3.0399  0.043  
 172  UGC08286          12  82.4   90    6.5    6  1   0.44    7307    7093   3.8637 0.0912  CLEAN
 173  UGC08490          14  78.6   50   4.65    9  1   1.16    6734    6537   3.8283 0.0527  GOLD+i45
 174  UGC08550           6  56.9   90    6.7    7  1   0.58    4280    4155   3.6315  0.062  CLEAN
 175  UGC08699          20 182.4   73   39.3    2  2   2.53    5134    4984   3.7104 0.0563  GOLD+i45
 176  UGC08837           4    52   80   7.21   10  2   0.22     461     448   2.6642 0.0729  
 177  UGC09037           9 152.3   65   83.6    6  2   0.64    1073    1042   3.0306 0.0577  CLEAN
 178  UGC09133          35 226.8   53   57.1    2  1   2.95    2774    2693   3.4431 0.0428  GOLD+i45
 179  UGC09992           3  33.6   30   10.7   10  2   0.19    1114    1082   3.0469 0.0905  
 180  UGC10310           3  71.4   34   15.2    9  1   0.12    2383    2314   3.3772 0.0608  
 181  UGC11455          17 269.4   90   78.6    6  1   0.88    2030    1971   3.3076 0.1366  CLEAN
 182  UGC11557           9    75   30   24.2    8  2   0.45      32      32      1.5 0.4533  CLEAN
 183  UGC11820           9    98   45   18.1    9  1   0.54    2885    2801   3.4602 0.1127  CLEAN
 184  UGC11914          31 288.1   31   16.9    2  1   1.38   12254   11897   4.0883 0.0545  GOLD
 185  UGC12506          13   234   86  100.6    6  2   0.76    8737    8482   3.9414 0.1486  CLEAN
 186  UGC12632           8  71.7   46   9.77    9  1   0.11    2986    2899   3.4751 0.0933  CLEAN
 187  UGC12732           5    79   39   13.2    9  1   0.23    3742    3632   3.5731 0.0776  CLEAN
 188  UGCA281            5    76   67   5.68   11  3   0.52    2073    2012   3.3166 0.0297  CLEAN
 189  UGCA442            3  56.4   64   4.35    9  1   0.47    2484    2411   3.3951 0.0776  
 190  UGCA444           18    37   78   0.98   10  2   0.85    1955    1898   3.2912 0.0749  CLEAN
-------------------------------------------------------------------------------------------------------------------

  SUMMARY STATISTICS
-------------------------------------------------------------------------------------------------------------------
  Total galaxies:     190
  GOLD+i45:           47
  GOLD (inc>=30):     52

  ALL galaxies:
    Mean log(a0) = 3.3641  =>  a0 = 2312 (km/s)^2/kpc
    SD           = 0.5825 dex

  GOLD+i45 (47 galaxies):
    Mean log(a0) = 3.5095  =>  a0 = 3232 (km/s)^2/kpc
    SD           = 0.2710 dex
    Median a0    = 2934
    Range        = [968, 11143]

  Note: Headline v4.0 hierarchical DL result is a0 = 3633 (marginalized, weighted).
  The simple mean here differs because the DL model weights by precision.
===================================================================================================================
